image_width: 1456
image_height: 1088
camera_name: narrow_stereo
camera_matrix:
  rows: 3
  cols: 3
  data: [940.38453,   0.     , 708.81674,
           0.     , 939.57909, 521.88667,
           0.     ,   0.     ,   1.     ]
distortion_model: plumb_bob
distortion_coefficients:
  rows: 1
  cols: 5
  data: [-0.279740, 0.078126, -0.001394, 0.000399, 0.000000]
rectification_matrix:
  rows: 3
  cols: 3
  data: [1., 0., 0.,
         0., 1., 0.,
         0., 0., 1.]
projection_matrix:
  rows: 3
  cols: 4
  data: [760.75891,   0.     , 701.29705,   0.     ,
           0.     , 840.87811, 513.87927,   0.     ,
           0.     ,   0.     ,   1.     ,   0.     ]
